1
Loss: (50.333669662475586, 3.046419143676758)
Acc: (0.11354999989271164, 5.000084638595581e-05)
FirstConvNorm: (5206433.25, 153159.25)OutputNorm: (71.11012268066406, 0.0007171630859375)5
Loss: (358.5673065185547, 2.0113677978515625)
Acc: (0.11349999904632568, 0.0)
FirstConvNorm: (25129420.0, 196124.0)OutputNorm: (71.19282150268555, 0.007472991943359375)